100,79008,1,0
100,79003,2,0
100,79028,3,0
100,79044,4,0
100,79030,5,0
100,79046,6,0
100,79032,7,0
100,79009,8,0
100,79010,9,0
100,79011,10,0
100,79034,11,0
100,79012,12,0
100,79035,13,0
100,79013,14,0
100,79000,15,0
100,79054,16,0
100,79055,17,0
100,79006,18,0
100,79036,19,0
100,79056,20,0
100,79007,21,0
100,79001,22,0
100,79015,23,0
100,79014,24,0
100,79016,25,0
100,79017,26,0
100,79037,27,0
100,79038,28,0
100,79002,29,0
100,79039,30,0
100,79040,31,0
100,79020,32,0
100,79021,33,0
100,79042,34,0
100,79043,35,0
100,79022,36,0
100,79047,37,0
100,79023,38,0
100,79024,39,0
100,79025,40,0
100,79026,41,0
100,79082,42,0
100,79052,43,0
100,79084,44,0
100,79045,45,0
100,79083,46,0
100,79087,47,0
100,79088,48,0
100,79119,49,0
100,79120,50,0
100,79121,51,0
100,79122,52,0
100,79004,53,0
100,79123,54,0
100,79124,55,0
100,79018,56,0
100,79125,57,0
100,79066,58,0
100,79068,59,0
100,79070,60,0
100,79077,61,0
100,79078,62,0
100,79072,63,0
100,79079,64,0
100,79114,65,0
100,79080,66,0
100,79116,67,0
100,79050,68,0
100,79118,69,0
100,16000,70,1
101,16000,1,0
101,79050,2,0
101,79075,3,0
101,79033,4,0
101,79115,5,0
101,79031,6,0
101,79118,7,0
101,79073,8,0
101,79029,9,0
101,79027,10,0
101,79071,11,0
101,79069,12,0
101,79067,13,0
101,79019,14,0
101,79126,15,0
101,79005,16,0
101,79127,17,0
101,79128,18,0
101,79129,19,0
101,79130,20,0
101,79131,21,0
101,79051,22,0
101,79085,23,0
101,79100,24,0
101,79053,25,0
101,79086,26,0
101,79107,27,0
101,79049,28,0
101,79057,29,0
101,79048,30,0
101,79058,31,0
101,79089,32,0
101,79108,33,0
101,79109,34,0
101,79110,35,0
101,79041,36,0
101,79111,37,0
101,79059,38,0
101,79112,39,0
101,79090,40,0
101,79101,41,0
101,79102,42,0
101,79091,43,0
101,79103,44,0
101,79060,45,0
101,79104,46,0
101,79113,47,0
101,79092,48,0
101,79117,49,0
101,79105,50,0
101,79106,51,0
101,79061,52,0
101,79062,53,0
101,79093,54,0
101,79063,55,0
101,79094,56,0
101,79064,57,0
101,79065,58,0
101,79076,59,0
101,79095,60,0
101,79096,61,0
101,79097,62,0
101,79098,63,0
101,79099,64,0
101,79081,65,0
101,79008,66,1
14003,79132,1,0
14003,79133,2,0
14003,79134,3,0
14003,79135,4,0
14003,79136,5,0
14003,79137,6,0
14003,79138,7,0
14003,79140,8,0
14003,79142,9,0
14003,79143,10,0
14003,79144,11,0
14003,79145,12,0
14003,79147,13,0
14003,79148,14,0
14003,79149,15,0
14003,79150,16,0
14003,79152,17,0
14003,79153,18,0
14003,79154,19,0
14003,79155,20,0
14003,79040,21,0
14003,79156,22,0
14003,79157,23,0
14003,79021,24,0
14003,79158,25,0
14003,79160,26,0
14003,79161,27,0
14003,79163,28,0
14003,79164,29,0
14003,79165,30,0
14003,79166,31,0
14003,79022,32,0
14003,79047,33,0
14003,79023,34,0
14003,79024,35,0
14003,79025,36,0
14003,79026,37,0
14003,79082,38,0
14003,79167,39,0
14003,79168,40,0
14003,79170,41,0
14003,79171,42,0
14003,79172,43,0
14003,79173,44,0
14003,79174,45,0
14003,79184,46,0
14003,79185,47,0
14003,79186,48,0
14003,79187,49,0
14003,79188,50,1
14004,79188,1,0
14004,79051,2,0
14004,79175,3,0
14004,79176,4,0
14004,79177,5,0
14004,79178,6,0
14004,79180,7,0
14004,79181,8,0
14004,79053,9,0
14004,79086,10,0
14004,79107,11,0
14004,79049,12,0
14004,79182,13,0
14004,79183,14,1
