11100,79000,1,0
11100,79054,2,0
11100,79055,3,0
11100,79006,4,0
11100,79036,5,0
11100,79056,6,0
11100,79007,7,0
11100,79001,8,0
11100,79015,9,0
11100,79014,10,0
11100,79016,11,0
11100,79017,12,0
11100,79037,13,0
11100,79038,14,0
11100,79002,15,0
11100,79039,16,0
11100,79040,17,0
11100,79020,18,0
11100,79021,19,0
11100,79042,20,0
11100,79043,21,0
11100,79022,22,0
11100,79047,23,0
11100,79023,24,0
11100,79024,25,0
11100,79025,26,0
11100,79026,27,0
11100,79082,28,0
11100,79052,29,0
11100,79084,30,0
11100,79045,31,0
11100,78116,32,0
11100,78117,33,0
11100,78045,34,0
11100,78046,35,0
11100,78132,36,0
11100,78179,37,0
11100,78136,38,0
11100,78125,39,0
11100,78730,40,0
11100,78731,41,0
11100,78734,42,0
11100,78275,43,0
11100,77655,44,0
11100,77501,45,0
11100,77657,46,0
11100,77503,47,0
11100,77504,48,0
11100,77505,49,0
11100,77506,50,0
11100,77509,51,0
11100,77507,52,0
11100,77508,53,0
11100,79050,54,0
11100,79118,55,0
11100,16001,56,1
11101,16001,1,0
11101,79050,2,0
11101,78561,3,0
11101,78564,4,0
11101,78568,5,0
11101,78565,6,0
11101,79118,7,0
11101,78567,8,0
11101,78559,9,0
11101,78569,10,0
11101,78563,11,0
11101,76557,12,0
11101,78315,13,0
11101,78606,14,0
11101,78898,15,0
11101,78126,16,0
11101,78135,17,0
11101,78180,18,0
11101,78445,19,0
11101,78087,20,0
11101,78088,21,0
11101,79190,22,0
11101,79051,23,0
11101,79085,24,0
11101,79100,25,0
11101,79053,26,0
11101,79086,27,0
11101,79107,28,0
11101,79049,29,0
11101,79057,30,0
11101,79048,31,0
11101,79058,32,0
11101,79089,33,0
11101,79108,34,0
11101,79109,35,0
11101,79110,36,0
11101,79041,37,0
11101,79111,38,0
11101,79059,39,0
11101,79112,40,0
11101,79090,41,0
11101,79101,42,0
11101,79102,43,0
11101,79091,44,0
11101,79103,45,0
11101,79060,46,0
11101,79104,47,0
11101,79113,48,0
11101,79092,49,0
11101,79117,50,0
11101,79105,51,0
11101,79106,52,0
11101,79061,53,1
2014000,79132,1,0
2014000,79133,2,0
2014000,79134,3,0
2014000,79135,4,0
2014000,79136,5,0
2014000,79137,6,0
2014000,79138,7,0
2014000,79140,8,0
2014000,79142,9,0
2014000,79143,10,0
2014000,79144,11,0
2014000,79145,12,0
2014000,79147,13,0
2014000,79148,14,0
2014000,79195,15,0
2014000,79196,16,0
2014000,79197,17,0
2014000,79198,18,0
2014000,79199,19,0
2014000,79152,20,0
2014000,79153,21,0
2014000,79154,22,0
2014000,79155,23,0
2014000,79040,24,0
2014000,79200,25,0
2014000,79201,26,0
2014000,79202,27,0
2014000,79160,28,0
2014000,79161,29,0
2014000,79163,30,0
2014000,79164,31,0
2014000,79165,32,0
2014000,79166,33,0
2014000,79022,34,0
2014000,79047,35,0
2014000,79023,36,0
2014000,79182,37,0
2014000,79194,38,0
2014000,79024,39,0
2014000,79025,40,0
2014000,79026,41,0
2014000,79082,42,0
2014000,79167,43,0
2014000,79168,44,0
2014000,79170,45,0
2014000,79171,46,0
2014000,79172,47,0
2014000,79173,48,0
2014000,79174,49,0
2014000,78043,50,0
2014000,78123,51,0
2014000,78161,52,0
2014000,78244,53,0
2014000,79191,54,0
2014000,78885,55,0
2014000,79192,56,0
2014000,79193,57,0
2014000,79180,58,0
2014000,79181,59,0
2014000,79053,60,0
2014000,79086,61,0
2014000,79107,62,0
2014000,79049,63,0
2014000,79057,64,0
2014000,79149,65,0
2014000,79150,66,0
2014000,79156,67,0
2014000,79157,68,0
2014000,79021,69,0
2014000,79158,70,0
2014000,79184,71,1
