'HSL-A23-HSLGTFS-Fête-1-03',11100,84900,4,'',0,18700,4,'',0,29100,4,'',0,29100,4,'',0,29900,4,'',0
'HSL-A23-HSLGTFS-Fête-1-03',11101,85500,,'',0,18500,,'',0,29500,,'',0,29000,,'',0,30000,,'',0
'HSL-A23-HSLGTFS-Fête-2-03',11100,63100,4,'',0,7800,4,'',0,1500,4,'',0,1500,4,'',0,7000,4,'',0,3000,4,'',0,7000,4,'',0,10000,4,'',0,33300,4,'',0,8500,4,'',0,57300,4,'',0
'HSL-A23-HSLGTFS-Fête-2-03',11101,81000,,'',0,54000,,'',0,26000,,'',0,11000,,'',0,8500,,'',0,9500,,'',0,11000,,'',0
'HSL-A23-HSLGTFS-Semaine-01',11100,61400,4,'',0,10800,4,'',0,10100,4,'',0,10000,4,'',0,10400,4,'',0,8500,4,'',0,21500,4,'',0,38000,4,'',0,10200,4,'',0,33900,4,'',0
'HSL-A23-HSLGTFS-Semaine-01',11101,62500,,'',0,10500,,'',0,12000,,'',0,9500,,'',0,19000,,'',0,21500,,'',0,18000,,'',0,10500,,'',0,9500,,'',0,10000,,'',0,7500,,'',0,25000,,'',0
'HSL-A23-HSLGTFS-Semaine-04',11100,61400,4,'',0,10800,4,'',0,10100,4,'',0,10000,4,'',0,10400,4,'',0,8500,4,'',0,21500,4,'',0,38000,4,'',0,10200,4,'',0,33900,4,'',0
'HSL-A23-HSLGTFS-Semaine-04',11101,62500,,'',0,10500,,'',0,12000,,'',0,9500,,'',0,19000,,'',0,21500,,'',0,18000,,'',0,10500,,'',0,9500,,'',0,10000,,'',0,7500,,'',0,25000,,'',0
'HSL-A23-HSLGTFS-Week-end-03',11100,84900,4,'',0,18700,4,'',0,29100,4,'',0,29100,4,'',0,29900,4,'',0
'HSL-A23-HSLGTFS-Week-end-03',11101,85500,,'',0,18500,,'',0,29500,,'',0,29000,,'',0,30000,,'',0
