11100,79000,1,0
11100,79054,2,0
11100,79055,3,0
11100,79006,4,0
11100,79036,5,0
11100,79056,6,0
11100,79007,7,0
11100,79001,8,0
11100,79015,9,0
11100,79014,10,0
11100,79016,11,0
11100,79017,12,0
11100,79037,13,0
11100,79038,14,0
11100,79002,15,0
11100,79039,16,0
11100,79040,17,0
11100,79020,18,0
11100,79021,19,0
11100,79042,20,0
11100,79043,21,0
11100,79022,22,0
11100,79047,23,0
11100,79023,24,0
11100,79024,25,0
11100,79025,26,0
11100,79026,27,0
11100,79082,28,0
11100,79052,29,0
11100,79084,30,0
11100,79045,31,0
11100,78116,32,0
11100,78117,33,0
11100,78045,34,0
11100,78046,35,0
11100,78132,36,0
11100,78179,37,0
11100,78136,38,0
11100,78125,39,0
11100,78730,40,0
11100,78731,41,0
11100,78734,42,0
11100,78275,43,0
11100,77655,44,0
11100,77501,45,0
11100,77657,46,0
11100,77503,47,0
11100,77504,48,0
11100,77505,49,0
11100,77506,50,0
11100,77509,51,0
11100,77507,52,0
11100,77508,53,0
11100,79050,54,0
11100,79118,55,0
11100,16001,56,1
11101,16001,1,0
11101,79050,2,0
11101,79118,3,0
11101,78561,4,0
11101,78564,5,0
11101,78568,6,0
11101,78565,7,0
11101,78567,8,0
11101,78559,9,0
11101,78569,10,0
11101,78563,11,0
11101,76557,12,0
11101,78315,13,0
11101,78606,14,0
11101,78898,15,0
11101,78126,16,0
11101,78135,17,0
11101,78180,18,0
11101,78445,19,0
11101,78087,20,0
11101,78088,21,0
11101,79190,22,0
11101,79051,23,0
11101,79085,24,0
11101,79100,25,0
11101,79053,26,0
11101,79086,27,0
11101,79107,28,0
11101,79049,29,0
11101,79182,30,0
11101,79057,31,0
11101,79048,32,0
11101,79058,33,0
11101,79089,34,0
11101,79108,35,0
11101,79109,36,0
11101,79110,37,0
11101,79041,38,0
11101,79111,39,0
11101,79059,40,0
11101,79112,41,0
11101,79090,42,0
11101,79101,43,0
11101,79102,44,0
11101,79091,45,0
11101,79103,46,0
11101,79060,47,0
11101,79104,48,0
11101,79113,49,0
11101,79092,50,0
11101,79117,51,0
11101,79105,52,0
11101,79106,53,0
11101,79061,54,1
14000,79132,1,0
14000,79133,2,0
14000,79134,3,0
14000,79135,4,0
14000,79136,5,0
14000,79137,6,0
14000,79138,7,0
14000,79140,8,0
14000,79142,9,0
14000,79143,10,0
14000,79144,11,0
14000,79145,12,0
14000,79147,13,0
14000,79148,14,0
14000,79195,15,0
14000,79196,16,0
14000,79197,17,0
14000,79198,18,0
14000,79199,19,0
14000,79152,20,0
14000,79153,21,0
14000,79154,22,0
14000,79155,23,0
14000,79040,24,0
14000,79200,25,0
14000,79201,26,0
14000,79202,27,0
14000,79160,28,0
14000,79161,29,0
14000,79163,30,0
14000,79164,31,0
14000,79165,32,0
14000,79166,33,0
14000,79022,34,0
14000,79047,35,0
14000,79023,36,0
14000,79194,37,0
14000,79024,38,0
14000,79025,39,0
14000,79026,40,0
14000,79082,41,0
14000,79167,42,0
14000,79168,43,0
14000,79170,44,0
14000,79171,45,0
14000,79172,46,0
14000,79173,47,0
14000,79174,48,0
14000,79184,49,0
14000,79185,50,0
14000,79186,51,0
14000,79187,52,0
14000,79191,53,0
14000,79188,54,0
14000,79192,55,0
14000,79193,56,0
14000,79180,57,0
14000,79181,58,0
14000,79053,59,0
14000,79086,60,0
14000,79107,61,0
14000,79049,62,0
14000,79182,63,0
14000,79057,64,1
