100,79003,1,0
100,79028,2,0
100,79044,3,0
100,79030,4,0
100,79046,5,0
100,79032,6,0
100,79009,7,0
100,79010,8,0
100,79011,9,0
100,79034,10,0
100,79012,11,0
100,79035,12,0
100,79013,13,0
100,79000,14,0
100,79054,15,0
100,79055,16,0
100,79006,17,0
100,79036,18,0
100,79056,19,0
100,79007,20,0
100,79001,21,0
100,79015,22,0
100,79014,23,0
100,79016,24,0
100,79017,25,0
100,79037,26,0
100,79038,27,0
100,79002,28,0
100,79039,29,0
100,79040,30,0
100,79020,31,0
100,79021,32,0
100,79042,33,0
100,79043,34,0
100,79022,35,0
100,79047,36,0
100,79023,37,0
100,79024,38,0
100,79025,39,0
100,79026,40,0
100,79082,41,0
100,79052,42,0
100,79084,43,0
100,79045,44,0
100,79083,45,0
100,79087,46,0
100,79088,47,0
100,79119,48,0
100,79120,49,0
100,79121,50,0
100,79122,51,0
100,79004,52,0
100,79123,53,0
100,79124,54,0
100,79018,55,0
100,79125,56,0
100,79066,57,0
100,79068,58,0
100,79070,59,0
100,79077,60,0
100,79078,61,0
100,79072,62,0
100,79079,63,0
100,79114,64,0
100,79080,65,0
100,79116,66,0
100,79050,67,0
100,16000,68,1
101,16000,1,0
101,79050,2,0
101,79075,3,0
101,79033,4,0
101,79115,5,0
101,79031,6,0
101,79073,7,0
101,79029,8,0
101,79027,9,0
101,79071,10,0
101,79069,11,0
101,79067,12,0
101,79019,13,0
101,79126,14,0
101,79005,15,0
101,79127,16,0
101,79128,17,0
101,79129,18,0
101,79130,19,0
101,79131,20,0
101,79051,21,0
101,79085,22,0
101,79100,23,0
101,79053,24,0
101,79086,25,0
101,79107,26,0
101,79049,27,0
101,79057,28,0
101,79048,29,0
101,79058,30,0
101,79089,31,0
101,79108,32,0
101,79109,33,0
101,79110,34,0
101,79041,35,0
101,79111,36,0
101,79059,37,0
101,79112,38,0
101,79090,39,0
101,79101,40,0
101,79102,41,0
101,79091,42,0
101,79103,43,0
101,79060,44,0
101,79104,45,0
101,79113,46,0
101,79092,47,0
101,79117,48,0
101,79105,49,0
101,79106,50,0
101,79061,51,0
101,79062,52,0
101,79093,53,0
101,79063,54,0
101,79094,55,0
101,79064,56,0
101,79065,57,0
101,79076,58,0
101,79095,59,0
101,79096,60,0
101,79097,61,0
101,79098,62,0
101,79099,63,0
101,79081,64,1
14000,79132,1,0
14000,79133,2,0
14000,79134,3,0
14000,79135,4,0
14000,79136,5,0
14000,79137,6,0
14000,79138,7,0
14000,79140,8,0
14000,79142,9,0
14000,79143,10,0
14000,79144,11,0
14000,79145,12,0
14000,79147,13,0
14000,79148,14,0
14000,79149,15,0
14000,79150,16,0
14000,79152,17,0
14000,79153,18,0
14000,79154,19,0
14000,79155,20,0
14000,79040,21,0
14000,79156,22,0
14000,79157,23,0
14000,79021,24,0
14000,79158,25,0
14000,79160,26,0
14000,79161,27,0
14000,79163,28,0
14000,79164,29,0
14000,79165,30,0
14000,79166,31,0
14000,79022,32,0
14000,79047,33,0
14000,79023,34,0
14000,79024,35,0
14000,79025,36,0
14000,79026,37,0
14000,79082,38,0
14000,79167,39,0
14000,79168,40,0
14000,79170,41,0
14000,79171,42,0
14000,79172,43,0
14000,79173,44,0
14000,79174,45,0
14000,79184,46,0
14000,79185,47,0
14000,79186,48,0
14000,79187,49,0
14000,79188,50,0
14000,79051,51,0
14000,79175,52,0
14000,79176,53,0
14000,79177,54,0
14000,79178,55,0
14000,79180,56,0
14000,79181,57,0
14000,79053,58,0
14000,79086,59,0
14000,79107,60,0
14000,79049,61,0
14000,79182,62,0
14000,79183,63,1
