100,79003,1,0
100,79006,2,0
100,79007,3,0
100,79008,4,0
100,79009,5,0
100,79010,6,0
100,79011,7,0
100,79012,8,0
100,79013,9,0
100,79000,10,0
100,79001,11,0
100,79002,12,0
100,79040,13,0
100,79042,14,0
100,79047,15,0
100,79045,16,0
100,79004,17,0
100,79018,18,0
100,79067,19,0
100,79068,20,0
100,79071,21,0
100,79027,22,0
100,79029,23,0
100,79073,24,0
100,79031,25,0
100,79033,26,0
100,79075,27,0
100,79050,28,0
100,79054,29,0
100,102046,30,1
101,79054,1,0
101,104046,2,0
101,79050,3,0
101,79074,4,0
101,79080,5,0
101,102046,6,0
101,79079,7,0
101,79072,8,0
101,79078,9,0
101,79077,10,0
101,79070,11,0
101,79069,12,0
101,79066,13,0
101,79019,14,0
101,79005,15,0
101,79046,16,0
101,79048,17,0
101,79043,18,0
101,79041,19,0
101,79059,20,0
101,79060,21,0
101,79061,22,0
101,79062,23,0
101,79063,24,0
101,79064,25,0
101,79065,26,0
101,79076,27,0
101,79081,28,0
101,79082,29,0
101,79083,30,0
101,79084,31,1
